15 15 1658588652
21 17 1658588652
37 18 1658588652
49 19 1658588652
112 20 1658588652
129 23 1658588652
132 24 1658588652
142 25 1658588652
15 14.9795 1658588682
21 16.7759 1658588682
37 17.8753 1658588682
49 18.8461 1658588682
112 19.7641 1658588682
129 22.8332 1658588682
132 24.2076 1658588682
142 24.9385 1658588682
15 15.0232 1658588712
21 16.8069 1658588712
37 17.8394 1658588712
49 18.9664 1658588712
112 19.9606 1658588712
129 22.6851 1658588712
132 24.0067 1658588712
142 24.8912 1658588712
15 15.1935 1658588742
21 16.5847 1658588742
37 17.9508 1658588742
49 18.9555 1658588742
112 20.1696 1658588742
129 22.6941 1658588742
132 24.0558 1658588742
142 25.0976 1658588742
15 15.1024 1658588772
21 16.3891 1658588772
37 18.183 1658588772
49 18.7234 1658588772
112 20.3727 1658588772
129 22.4675 1658588772
132 23.8441 1658588772
142 25.1231 1658588772
15 15.0415 1658588802
21 16.2423 1658588802
37 18.2319 1658588802
49 18.5285 1658588802
112 20.2223 1658588802
129 22.3106 1658588802
132 23.7317 1658588802
142 24.99 1658588802
15 15.229 1658588832
21 16.3092 1658588832
37 18.145 1658588832
49 18.4364 1658588832
112 20.405 1658588832
129 22.1363 1658588832
132 23.8549 1658588832
142 24.8378 1658588832
15 15.4757 1658588862
21 16.5457 1658588862
37 18.3773 1658588862
49 18.5411 1658588862
112 20.4273 1658588862
129 22.2012 1658588862
132 23.7063 1658588862
142 24.7286 1658588862
15 15.6138 1658588892
21 16.3832 1658588892
37 18.2691 1658588892
49 18.7516 1658588892
112 20.2722 1658588892
129 22.1796 1658588892
132 23.9251 1658588892
142 24.7377 1658588892
15 15.5854 1658588922
21 16.5855 1658588922
37 18.157 1658588922
49 18.7802 1658588922
112 20.0378 1658588922
129 22.0822 1658588922
132 23.9961 1658588922
142 24.9172 1658588922
15 15.355 1658588952
21 16.7757 1658588952
37 18.1991 1658588952
49 18.9142 1658588952
112 19.8381 1658588952
129 22.0375 1658588952
132 24.2179 1658588952
142 25.1132 1658588952
15 15.4929 1658588982
21 16.6378 1658588982
37 18.3529 1658588982
49 18.9935 1658588982
112 19.8716 1658588982
129 21.8664 1658588982
132 24.0527 1658588982
142 24.9651 1658588982
15 15.5785 1658589012
21 16.5958 1658589012
37 18.1051 1658589012
49 19.0024 1658589012
112 20.0923 1658589012
129 22.0998 1658589012
132 23.8832 1658589012
142 24.7396 1658589012
15 15.6991 1658589042
21 16.5012 1658589042
37 17.8609 1658589042
49 19.0966 1658589042
112 20.3157 1658589042
129 21.9869 1658589042
132 23.8515 1658589042
142 24.9588 1658589042
15 15.4702 1658589072
21 16.6586 1658589072
37 17.6685 1658589072
49 18.9741 1658589072
112 20.2992 1658589072
129 22.0235 1658589072
132 23.9327 1658589072
142 25.1012 1658589072
15 15.3842 1658589102
21 16.5276 1658589102
37 17.5248 1658589102
49 19.0439 1658589102
112 20.3129 1658589102
129 21.9819 1658589102
132 23.758 1658589102
142 24.9882 1658589102
15 15.6067 1658589132
21 16.3048 1658589132
37 17.6954 1658589132
49 19.1033 1658589132
112 20.4197 1658589132
129 22.2292 1658589132
132 23.5535 1658589132
142 24.837 1658589132
15 15.7865 1658589162
21 16.4409 1658589162
37 17.6274 1658589162
49 18.9707 1658589162
112 20.5488 1658589162
129 22.1854 1658589162
132 23.4514 1658589162
142 24.8877 1658589162
15 15.7328 1658589192
21 16.6384 1658589192
37 17.4525 1658589192
49 19.0091 1658589192
112 20.4557 1658589192
129 21.9715 1658589192
132 23.4638 1658589192
142 24.9979 1658589192
15 15.6407 1658589222
21 16.6367 1658589222
37 17.6102 1658589222
49 18.97 1658589222
112 20.2347 1658589222
129 22.0306 1658589222
132 23.6455 1658589222
142 25.1696 1658589222
15 15.6162 1658589252
21 16.7683 1658589252
37 17.5855 1658589252
49 18.8624 1658589252
112 20.1695 1658589252
129 22.1629 1658589252
132 23.4973 1658589252
142 25.1458 1658589252
15 15.7747 1658589282
21 17.0015 1658589282
37 17.4853 1658589282
49 18.8719 1658589282
112 20.3069 1658589282
129 22.3809 1658589282
132 23.5537 1658589282
142 24.9949 1658589282
15 15.8557 1658589312
21 17.1121 1658589312
37 17.5012 1658589312
49 18.9811 1658589312
112 20.1794 1658589312
129 22.1651 1658589312
132 23.4351 1658589312
142 25.014 1658589312
15 15.823 1658589342
21 16.8919 1658589342
37 17.5485 1658589342
49 19.1435 1658589342
112 20.038 1658589342
129 21.9661 1658589342
132 23.4991 1658589342
142 24.8426 1658589342
15 15.9999 1658589372
21 17.0417 1658589372
37 17.3622 1658589372
49 18.9078 1658589372
112 20.2358 1658589372
129 22.0499 1658589372
132 23.6851 1658589372
142 24.8931 1658589372
15 16.1324 1658589402
21 17.2561 1658589402
37 17.3986 1658589402
49 19.037 1658589402
112 20.4837 1658589402
129 21.9099 1658589402
132 23.7824 1658589402
142 25.1028 1658589402
15 16.0786 1658589432
21 17.1237 1658589432
37 17.3659 1658589432
49 19.1865 1658589432
112 20.531 1658589432
129 21.863 1658589432
132 23.7408 1658589432
142 25.0959 1658589432
15 16.295 1658589462
21 16.9833 1658589462
37 17.4093 1658589462
49 19.3623 1658589462
112 20.362 1658589462
129 21.9938 1658589462
132 23.8731 1658589462
142 25.1397 1658589462
15 16.1312 1658589492
21 16.931 1658589492
37 17.2459 1658589492
49 19.4419 1658589492
112 20.1964 1658589492
129 22.2117 1658589492
132 23.9352 1658589492
142 25.2971 1658589492
15 16.3602 1658589522
21 16.9103 1658589522
37 17.1989 1658589522
49 19.2675 1658589522
112 20.3887 1658589522
129 22.2161 1658589522
132 23.699 1658589522
142 25.4317 1658589522
15 16.5605 1658589552
21 16.8726 1658589552
37 16.9543 1658589552
49 19.4849 1658589552
112 20.195 1658589552
129 22.0325 1658589552
132 23.8354 1658589552
142 25.2339 1658589552
15 16.6377 1658589582
21 17.0139 1658589582
37 16.782 1658589582
49 19.6627 1658589582
112 20.2696 1658589582
129 21.8617 1658589582
132 23.7645 1658589582
142 25.217 1658589582
15 16.6225 1658589612
21 17.214 1658589612
37 16.754 1658589612
49 19.5551 1658589612
112 20.1117 1658589612
129 21.6786 1658589612
132 23.7067 1658589612
142 25.1967 1658589612
15 16.6193 1658589642
21 17.1659 1658589642
37 16.9885 1658589642
49 19.4292 1658589642
112 19.9734 1658589642
129 21.7101 1658589642
132 23.5374 1658589642
142 25.1371 1658589642
15 16.6075 1658589672
21 16.9308 1658589672
37 16.969 1658589672
49 19.4341 1658589672
112 19.9022 1658589672
129 21.5036 1658589672
132 23.3065 1658589672
142 24.9292 1658589672
15 16.4085 1658589702
21 16.9229 1658589702
37 16.8733 1658589702
49 19.3055 1658589702
112 20.0873 1658589702
129 21.6683 1658589702
132 23.4975 1658589702
142 24.6855 1658589702
15 16.2502 1658589732
21 16.7622 1658589732
37 16.909 1658589732
49 19.5445 1658589732
112 19.9556 1658589732
129 21.902 1658589732
132 23.3512 1658589732
142 24.4984 1658589732
15 16.1619 1658589762
21 16.6745 1658589762
37 16.7398 1658589762
49 19.3501 1658589762
112 19.982 1658589762
129 22.0268 1658589762
132 23.4519 1658589762
142 24.3402 1658589762
15 16.1492 1658589792
21 16.803 1658589792
37 16.5061 1658589792
49 19.2791 1658589792
112 19.8796 1658589792
129 21.8029 1658589792
132 23.3299 1658589792
142 24.3889 1658589792
15 15.9083 1658589822
21 16.566 1658589822
37 16.5406 1658589822
49 19.1329 1658589822
112 19.6881 1658589822
129 21.6953 1658589822
132 23.1734 1658589822
142 24.5695 1658589822
15 15.9614 1658589852
21 16.6966 1658589852
37 16.4703 1658589852
49 19.1825 1658589852
112 19.719 1658589852
129 21.8986 1658589852
132 23.4223 1658589852
142 24.5123 1658589852
15 15.7262 1658589882
21 16.4652 1658589882
37 16.318 1658589882
49 19.3098 1658589882
112 19.8139 1658589882
129 21.6861 1658589882
132 23.6315 1658589882
142 24.4703 1658589882
15 15.8779 1658589912
21 16.4615 1658589912
37 16.2888 1658589912
49 19.237 1658589912
112 19.8658 1658589912
129 21.9238 1658589912
132 23.6091 1658589912
142 24.5207 1658589912
15 16.1214 1658589942
21 16.3352 1658589942
37 16.4857 1658589942
49 18.9912 1658589942
112 20.0065 1658589942
129 21.7734 1658589942
132 23.5366 1658589942
142 24.6139 1658589942
15 15.8741 1658589972
21 16.2102 1658589972
37 16.6653 1658589972
49 18.8818 1658589972
112 20.2229 1658589972
129 21.5872 1658589972
132 23.6457 1658589972
142 24.7473 1658589972
15 16.0624 1658590002
21 16.2273 1658590002
37 16.6536 1658590002
49 18.8182 1658590002
112 20.3886 1658590002
129 21.6653 1658590002
132 23.6306 1658590002
142 24.7402 1658590002
15 15.965 1658590032
21 15.989 1658590032
37 16.5146 1658590032
49 19.0273 1658590032
112 20.2326 1658590032
129 21.7928 1658590032
132 23.402 1658590032
142 24.7958 1658590032
15 15.9925 1658590062
21 16.2014 1658590062
37 16.3371 1658590062
49 18.9132 1658590062
112 20.0749 1658590062
129 21.6884 1658590062
132 23.6087 1658590062
142 24.7579 1658590062
15 16.1878 1658590092
21 16.19 1658590092
37 16.3959 1658590092
49 18.7003 1658590092
112 20.1822 1658590092
129 21.5727 1658590092
132 23.6524 1658590092
142 24.7351 1658590092
15 16.2516 1658590122
21 16.333 1658590122
37 16.2906 1658590122
49 18.8771 1658590122
112 20.301 1658590122
129 21.3909 1658590122
132 23.7692 1658590122
142 24.5748 1658590122
15 16.2679 1658590152
21 16.4627 1658590152
37 16.2908 1658590152
49 19.0889 1658590152
112 20.2505 1658590152
129 21.1875 1658590152
132 23.7347 1658590152
142 24.5522 1658590152
15 16.2042 1658590182
21 16.5613 1658590182
37 16.3468 1658590182
49 19.258 1658590182
112 20.3707 1658590182
129 21.1355 1658590182
132 23.9415 1658590182
142 24.5984 1658590182
15 16.4164 1658590212
21 16.7702 1658590212
37 16.3977 1658590212
49 19.1327 1658590212
112 20.5582 1658590212
129 21.138 1658590212
132 24.0739 1658590212
142 24.4549 1658590212
15 16.4828 1658590242
21 16.9802 1658590242
37 16.5387 1658590242
49 18.9207 1658590242
112 20.5569 1658590242
129 21.1577 1658590242
132 23.952 1658590242
142 24.3137 1658590242
15 16.4431 1658590272
21 17.2115 1658590272
37 16.6367 1658590272
49 18.9323 1658590272
112 20.5377 1658590272
129 21.3651 1658590272
132 23.9048 1658590272
142 24.3076 1658590272
15 16.6195 1658590302
21 17.2736 1658590302
37 16.4281 1658590302
49 19.0011 1658590302
112 20.7624 1658590302
129 21.2306 1658590302
132 23.8418 1658590302
142 24.1614 1658590302
15 16.8585 1658590332
21 17.4521 1658590332
37 16.3285 1658590332
49 19.134 1658590332
112 20.7384 1658590332
129 21.1994 1658590332
132 23.6037 1658590332
142 23.9269 1658590332
15 16.9518 1658590362
21 17.3416 1658590362
37 16.4535 1658590362
49 19.1302 1658590362
112 20.6775 1658590362
129 20.9835 1658590362
132 23.7611 1658590362
142 24.0066 1658590362
15 16.8769 1658590392
21 17.5796 1658590392
37 16.5272 1658590392
49 19.0701 1658590392
112 20.7315 1658590392
129 21.1602 1658590392
132 23.8758 1658590392
142 24.1517 1658590392
15 17.0527 1658590422
21 17.7651 1658590422
37 16.7614 1658590422
49 18.8721 1658590422
112 20.8441 1658590422
129 21.0847 1658590422
132 23.918 1658590422
142 24.3025 1658590422
15 17.2186 1658590452
21 17.9202 1658590452
37 16.7619 1658590452
49 18.8188 1658590452
112 21.0845 1658590452
129 20.9847 1658590452
132 24.1249 1658590452
142 24.547 1658590452
15 17.0459 1658590482
21 18.0995 1658590482
37 16.8738 1658590482
49 18.8177 1658590482
112 20.9615 1658590482
129 20.9061 1658590482
132 24.1702 1658590482
142 24.6237 1658590482
15 16.851 1658590512
21 18.3297 1658590512
37 16.9556 1658590512
49 18.9722 1658590512
112 20.921 1658590512
129 20.8075 1658590512
132 24.1637 1658590512
142 24.7903 1658590512
15 17.0343 1658590542
21 18.0909 1658590542
37 17.1937 1658590542
49 19.0343 1658590542
112 20.948 1658590542
129 20.9508 1658590542
132 24.3014 1658590542
142 24.5563 1658590542
15 16.7938 1658590572
21 18.1899 1658590572
37 17.0636 1658590572
49 19.2837 1658590572
112 20.8853 1658590572
129 21.1913 1658590572
132 24.5067 1658590572
142 24.7315 1658590572
15 16.9789 1658590602
21 18.2515 1658590602
37 17.2409 1658590602
49 19.0749 1658590602
112 20.6945 1658590602
129 21.2313 1658590602
132 24.7352 1658590602
142 24.5003 1658590602
15 16.8536 1658590632
21 18.3181 1658590632
37 16.9921 1658590632
49 18.9913 1658590632
112 20.8812 1658590632
129 21.2494 1658590632
132 24.8181 1658590632
142 24.3088 1658590632
15 16.7321 1658590662
21 18.331 1658590662
37 17.1594 1658590662
49 19.0009 1658590662
112 21.1236 1658590662
129 21.4501 1658590662
132 24.8929 1658590662
142 24.2566 1658590662
15 16.6398 1658590692
21 18.2181 1658590692
37 17.1255 1658590692
49 18.9966 1658590692
112 21.2554 1658590692
129 21.3819 1658590692
132 24.6701 1658590692
142 24.4431 1658590692
15 16.54 1658590722
21 18.0687 1658590722
37 16.927 1658590722
49 18.882 1658590722
112 21.0951 1658590722
129 21.2397 1658590722
132 24.6105 1658590722
142 24.3359 1658590722
15 16.4537 1658590752
21 18.0741 1658590752
37 16.8137 1658590752
49 18.7027 1658590752
112 21.146 1658590752
129 21.1849 1658590752
132 24.5985 1658590752
142 24.2278 1658590752
15 16.6936 1658590782
21 18.2059 1658590782
37 16.8482 1658590782
49 18.4849 1658590782
112 21.3714 1658590782
129 21.3857 1658590782
132 24.4871 1658590782
142 24.2448 1658590782
15 16.6302 1658590812
21 18.1108 1658590812
37 16.9362 1658590812
49 18.699 1658590812
112 21.5181 1658590812
129 21.3764 1658590812
132 24.5251 1658590812
142 24.1681 1658590812
15 16.6206 1658590842
21 18.0901 1658590842
37 16.7996 1658590842
49 18.8715 1658590842
112 21.285 1658590842
129 21.3593 1658590842
132 24.7432 1658590842
142 24.0686 1658590842
15 16.6493 1658590872
21 17.9182 1658590872
37 16.6835 1658590872
49 19.1048 1658590872
112 21.4599 1658590872
129 21.118 1658590872
132 24.9477 1658590872
142 23.9197 1658590872
15 16.5737 1658590902
21 17.7953 1658590902
37 16.8474 1658590902
49 18.8765 1658590902
112 21.4233 1658590902
129 21.1521 1658590902
132 25.125 1658590902
142 23.9899 1658590902
15 16.8233 1658590932
21 17.5586 1658590932
37 16.9624 1658590932
49 18.766 1658590932
112 21.6109 1658590932
129 21.3963 1658590932
132 24.8812 1658590932
142 23.9148 1658590932
15 16.6839 1658590962
21 17.5352 1658590962
37 16.7474 1658590962
49 18.9429 1658590962
112 21.5748 1658590962
129 21.3129 1658590962
132 25.0976 1658590962
142 23.9448 1658590962
15 16.6056 1658590992
21 17.7494 1658590992
37 16.8539 1658590992
49 19.1258 1658590992
112 21.6482 1658590992
129 21.1637 1658590992
132 24.8646 1658590992
142 23.9567 1658590992
15 16.5116 1658591022
21 17.7401 1658591022
37 16.9837 1658591022
49 19.0436 1658591022
112 21.8546 1658591022
129 21.2466 1658591022
132 25.0275 1658591022
142 23.9384 1658591022
15 16.5502 1658591052
21 17.6351 1658591052
37 16.8193 1658591052
49 18.9706 1658591052
112 22.0543 1658591052
129 21.2219 1658591052
132 24.9322 1658591052
142 23.8043 1658591052
15 16.34 1658591082
21 17.5175 1658591082
37 16.8962 1658591082
49 18.9237 1658591082
112 21.8519 1658591082
129 21.247 1658591082
132 24.7604 1658591082
142 23.6047 1658591082
15 16.1972 1658591112
21 17.6371 1658591112
37 16.8728 1658591112
49 18.8808 1658591112
112 21.9434 1658591112
129 21.3695 1658591112
132 24.7768 1658591112
142 23.4613 1658591112
15 16.3208 1658591142
21 17.814 1658591142
37 17.0933 1658591142
49 18.6517 1658591142
112 21.821 1658591142
129 21.3929 1658591142
132 24.9602 1658591142
142 23.4151 1658591142
15 16.1387 1658591172
21 17.5898 1658591172
37 17.2056 1658591172
49 18.5951 1658591172
112 22.0212 1658591172
129 21.6168 1658591172
132 24.9173 1658591172
142 23.323 1658591172
15 16.1922 1658591202
21 17.4432 1658591202
37 17.2385 1658591202
49 18.4707 1658591202
112 21.8612 1658591202
129 21.8508 1658591202
132 24.7783 1658591202
142 23.5036 1658591202
15 16.267 1658591232
21 17.3479 1658591232
37 17.2671 1658591232
49 18.6254 1658591232
112 21.8074 1658591232
129 21.8089 1658591232
132 25.0147 1658591232
142 23.529 1658591232
15 16.1569 1658591262
21 17.2438 1658591262
37 17.4448 1658591262
49 18.6964 1658591262
112 21.7057 1658591262
129 21.7828 1658591262
132 24.8826 1658591262
142 23.3952 1658591262
15 16.1867 1658591292
21 17.2677 1658591292
37 17.5799 1658591292
49 18.8385 1658591292
112 21.5468 1658591292
129 21.7809 1658591292
132 25.0593 1658591292
142 23.3077 1658591292
15 16.1167 1658591322
21 17.4758 1658591322
37 17.4067 1658591322
49 18.9092 1658591322
112 21.6681 1658591322
129 21.9731 1658591322
132 25.081 1658591322
142 23.4896 1658591322
15 16.0176 1658591352
21 17.4424 1658591352
37 17.5811 1658591352
49 18.8512 1658591352
112 21.7895 1658591352
129 22.207 1658591352
132 24.9901 1658591352
142 23.2933 1658591352
15 15.8264 1658591382
21 17.665 1658591382
37 17.5424 1658591382
49 18.9468 1658591382
112 21.9688 1658591382
129 22.4441 1658591382
132 25.2315 1658591382
142 23.4677 1658591382
15 15.7992 1658591412
21 17.7907 1658591412
37 17.556 1658591412
49 18.9613 1658591412
112 21.9188 1658591412
129 22.5873 1658591412
132 25.3826 1658591412
142 23.2338 1658591412
15 15.6417 1658591442
21 17.951 1658591442
37 17.3136 1658591442
49 19.2027 1658591442
112 22.0904 1658591442
129 22.7434 1658591442
132 25.3386 1658591442
142 23.3579 1658591442
15 15.4476 1658591472
21 18.073 1658591472
37 17.247 1658591472
49 18.9683 1658591472
112 21.9577 1658591472
129 22.8539 1658591472
132 25.1788 1658591472
142 23.2043 1658591472
15 15.4007 1658591502
21 18.0914 1658591502
37 17.0363 1658591502
49 18.9921 1658591502
112 21.9859 1658591502
129 22.7438 1658591502
132 25.1914 1658591502
142 23.3107 1658591502
15 15.2035 1658591532
21 18.1305 1658591532
37 16.9917 1658591532
49 19.1164 1658591532
112 21.785 1658591532
129 22.8617 1658591532
132 25.0117 1658591532
142 23.3763 1658591532
15 15.0883 1658591562
21 18.1242 1658591562
37 16.8883 1658591562
49 19.2512 1658591562
112 21.8912 1658591562
129 22.7081 1658591562
132 25.1077 1658591562
142 23.2023 1658591562
15 15.2486 1658591592
21 18.1162 1658591592
37 16.7623 1658591592
49 19.0195 1658591592
112 21.9431 1658591592
129 22.5644 1658591592
132 25.0102 1658591592
142 23.0899 1658591592
15 15.301 1658591622
21 18.2859 1658591622
37 16.9656 1658591622
49 19.0884 1658591622
112 22.1664 1658591622
129 22.5322 1658591622
132 24.8033 1658591622
142 22.9987 1658591622
